Classification report for CustomCNN_1Epoches_6000Size
              precision    recall  f1-score   support

           0       0.67      0.82      0.74      5778
           1       0.63      0.96      0.76      6330
           2       0.91      0.97      0.94      5869
           3       0.97      0.98      0.98      5969
           4       0.94      0.96      0.95      5619
           5       0.89      0.91      0.90      5190
           6       0.94      0.97      0.95      5705
           7       0.97      0.99      0.98      6139
           8       0.94      0.96      0.95      5633
           9       0.90      0.97      0.94      5686
          10       0.88      0.93      0.90      1062
          11       0.86      0.80      0.83       648
          12       0.76      0.90      0.83      1739
          13       0.84      0.79      0.81       779
          14       0.94      0.84      0.89       851
          15       0.76      0.93      0.84      1440
          16       0.86      0.71      0.78       447
          17       0.86      0.85      0.86       521
          18       0.59      0.44      0.51      2048
          19       0.81      0.76      0.79       626
          20       0.62      0.75      0.68       382
          21       0.85      0.91      0.88       810
          22       0.73      0.95      0.83      1485
          23       0.88      0.96      0.91      1351
          24       0.64      0.53      0.58      4156
          25       0.78      0.93      0.85      1397
          26       0.82      0.81      0.81       413
          27       0.90      0.88      0.89       809
          28       0.78      0.86      0.82      3508
          29       0.91      0.92      0.91      1576
          30       0.74      0.95      0.83      2002
          31       0.59      0.77      0.67       796
          32       0.77      0.81      0.79       806
          33       0.64      0.73      0.69       432
          34       0.67      0.75      0.71       798
          35       0.75      0.44      0.56       464
          36       0.85      0.85      0.85      1644
          37       0.84      0.74      0.79       853
          38       0.00      0.00      0.00       432
          39       0.93      0.95      0.94      1683
          40       0.93      0.97      0.95      4092
          41       0.54      0.02      0.03       400
          42       0.61      0.30      0.40       589
          43       0.92      0.92      0.92      1479
          44       0.81      0.30      0.44       427
          45       0.63      0.58      0.60       317
          46       0.72      0.52      0.60       466
          47       0.50      0.01      0.02      2535
          48       0.00      0.00      0.00       464
          49       0.92      0.92      0.92      1898
          50       0.00      0.00      0.00       466
          51       0.51      0.11      0.18       368
          52       0.61      0.15      0.25       505
          53       0.94      0.95      0.94      2320
          54       0.00      0.00      0.00       437
          55       0.93      0.93      0.93      2965
          56       0.00      0.00      0.00       482
          57       0.50      0.18      0.27       468
          58       0.71      0.58      0.64       467
          59       0.70      0.55      0.62       470
          60       0.47      0.07      0.13       381
          61       0.61      0.44      0.51       451

    accuracy                           0.84    116323
   macro avg       0.71      0.67      0.67    116323
weighted avg       0.81      0.84      0.81    116323

